EIGEN VALUES,,,,,,,,,,,,,,,,,,,,,,,,,,,,,,
[1.272874357446197e+36,,,,,,,,,,,,,,,,,,,,,,,,,,,,,,
55342256427472100000000000000000000,,,,,,,,,,,,,,,,,,,,,,,,,,,,,,
162499969897737000000000000000000,,,,,,,,,,,,,,,,,,,,,,,,,,,,,,
153497976205848000000000000000,,,,,,,,,,,,,,,,,,,,,,,,,,,,,,
342153792948593000,,,,,,,,,,,,,,,,,,,,,,,,,,,,,,
337995248608149,,,,,,,,,,,,,,,,,,,,,,,,,,,,,,
23242741390300.3,,,,,,,,,,,,,,,,,,,,,,,,,,,,,,
2723455969204.73,,,,,,,,,,,,,,,,,,,,,,,,,,,,,,
45330839.766382,,,,,,,,,,,,,,,,,,,,,,,,,,,,,,
35.6496812144,,,,,,,,,,,,,,,,,,,,,,,,,,,,,,
8.97698989726683E-023,,,,,,,,,,,,,,,,,,,,,,,,,,,,,,
3.08160267430646E-025,,,,,,,,,,,,,,,,,,,,,,,,,,,,,,
3.52449376285334E-028,,,,,,,,,,,,,,,,,,,,,,,,,,,,,,
3.47881818260675E-028,,,,,,,,,,,,,,,,,,,,,,,,,,,,,,
5.78946274029498E-030,,,,,,,,,,,,,,,,,,,,,,,,,,,,,,
1.86790581723222E-041,,,,,,,,,,,,,,,,,,,,,,,,,,,,,,
-1.12768037727032E-056,,,,,,,,,,,,,,,,,,,,,,,,,,,,,,
-1.3263236922011E-055,,,,,,,,,,,,,,,,,,,,,,,,,,,,,,
-2.17561239255192E-037,,,,,,,,,,,,,,,,,,,,,,,,,,,,,,
-1.28284028091696E-036,,,,,,,,,,,,,,,,,,,,,,,,,,,,,,
-4.98872562062164E-028,,,,,,,,,,,,,,,,,,,,,,,,,,,,,,
-1.82237756994529E-026,,,,,,,,,,,,,,,,,,,,,,,,,,,,,,
-3.01427853787894E-022,,,,,,,,,,,,,,,,,,,,,,,,,,,,,,
-3.08411991898366E-022,,,,,,,,,,,,,,,,,,,,,,,,,,,,,,
-8318270.34099141,,,,,,,,,,,,,,,,,,,,,,,,,,,,,,
-101410687329.244,,,,,,,,,,,,,,,,,,,,,,,,,,,,,,
-244046642620.087,,,,,,,,,,,,,,,,,,,,,,,,,,,,,,
-4215346477324.74,,,,,,,,,,,,,,,,,,,,,,,,,,,,,,
-585635921366027,,,,,,,,,,,,,,,,,,,,,,,,,,,,,,
-1084624875227930,,,,,,,,,,,,,,,,,,,,,,,,,,,,,,
 -2.723788831084515e+18],,,,,,,,,,,,,,,,,,,,,,,,,,,,,,
,,,,,,,,,,,,,,,,,,,,,,,,,,,,,,
EIGEN VECTORS,,,,,,,,,,,,,,,,,,,,,,,,,,,,,,
9.20E-011,6.82723437637132E-008,1.80615800728892E-007,6.79209429229313E-005,0.0001254759,0.0004032158,0.0752602687,0.1205312923,0.2757711991,0.9505898401,1.83373594000392E-005,-2.14151778944037E-006,0.000102006,-0.0002362133,-0.0002332422,0.0003124886,-0.01170041,-1.24836210774954E-022,-2.19174562499648E-023,4.22979564449731E-022,-5.38353695680538E-025,-1.01622634215921E-025,2.18285766879463E-025,-3.80631917478436E-024,2.98143353674777E-022,8.32515601096213E-025,3.346860231015E-029,4.47851707640159E-029,5.49366550320331E-039,7.23501443549822E-032,8.33387555296402E-040
3.11879486959426E-010,3.71396295340138E-007,2.60647889153164E-007,0.0005216165,0.0003264815,0.0001711231,0.7879868487,0.4819400512,0.316262339,-0.2149765695,0.0001361023,-9.74571327248436E-006,4.44297796443039E-005,0.0084532532,0.0045082855,-0.0049957023,0.0213671009,1.92346512584959E-022,-1.05692329051672E-022,-2.75493440413333E-022,9.74502862951701E-025,1.38263770140177E-024,-1.43489103135618E-024,6.75640386749983E-024,-8.31469278283737E-023,-1.41555450687612E-024,-1.28669459916995E-029,-9.06099458940206E-029,-1.07010799388423E-038,-1.41766895846175E-031,-1.60047208073008E-039
-1.80590172432245E-009,-1.28490436636386E-006,-8.18172322731099E-007,-0.0010689765,-0.0002120767,-0.0003056121,-0.5764939019,0.415214108,0.6609889178,-0.1980042723,-0.0003721808,-0.000120587,-0.000213535,0.090306025,0.0745674538,-0.0466700229,0.0569642892,-8.6899386460443E-022,-5.23311096015784E-022,1.32792930169099E-021,5.40749704022158E-023,3.75147640190179E-023,-2.16852315950056E-023,5.09328857803367E-024,4.58935437086464E-022,-5.34016977163646E-024,5.02068245073882E-028,-3.85953265111089E-028,-5.28201016795415E-038,-7.01861349887735E-031,-8.35494074052515E-039
1.1258888213417E-007,5.33895681997062E-005,6.2061137364674E-005,0.0259669444,0.0226904443,0.0320261436,-0.1655192798,0.5562262624,-0.3549091828,0.0377601591,0.007815777,0.0026510161,0.0069162355,-0.301375441,-0.2199965803,0.1180040154,-0.6167235915,-3.28377347059594E-019,4.70858726039254E-020,-2.36492752812872E-019,-1.34975862435023E-021,1.60943434392732E-022,-1.30022807165484E-022,-1.17440652091502E-021,-5.64870099872381E-019,2.44428819193776E-023,-3.36098569906475E-027,-1.74689499430259E-027,2.26451982475193E-037,2.86495721849426E-030,6.21893833392663E-038
0.00000012,4.98137805915681E-005,7.01285234300296E-005,0.019712387,0.0261371319,0.0416428898,0.007345035,0.1427768951,-0.2173622818,0.0408829132,0.0053082093,0.0019558999,0.0055205536,0.6398026696,0.5368376617,-0.362003779,-0.3149378078,-4.15928073021353E-019,5.20358639145162E-020,-2.90829813035749E-019,-1.10128100197249E-021,5.94289124022093E-022,-4.04168729490449E-022,-1.42455591392443E-021,-6.87428801590882E-019,-4.26025158919618E-023,2.02648090736833E-027,-3.75072922762555E-027,6.73091107977242E-084,-1.30376871255381E-030,1.06511992506622E-084
1.65375512565887E-006,0.000794238,0.0011610549,0.444714287,0.5290211024,0.527415662,-0.0008226469,-0.0015763293,0.0003817489,0.0004068573,0.1113888835,0.0355838969,0.2104616329,0.2056463957,-0.0472095841,0.3722968962,0.0556882754,-5.03122255702928E-018,6.83067652962876E-019,-3.32306977536648E-018,-1.92216018715993E-020,4.30550525153552E-021,-2.96925085677691E-021,-1.96836367231552E-020,-8.30488731563114E-018,2.53215810588174E-022,-4.7660546395521E-027,4.61626922067432E-027,1.53188874006398E-085,-1.62693817108625E-029,2.29112650146647E-086
-1.0377531483985E-006,-0.0005961663,-0.0003850868,0.3581280119,0.5738649829,-0.6768963787,0.0003061262,-0.0016091076,0.0007118835,0.000220599,0.0402782387,-0.0482109215,-0.2516281441,-0.0651312392,0.0174607665,-0.111444135,0.0008687089,4.08429014634345E-018,-6.88562529100806E-019,6.25398479194723E-018,1.74871617047305E-020,-2.79598496788485E-021,3.21031510709488E-021,1.00772459642222E-020,7.91915921884729E-018,1.73025181967895E-021,1.17501065407031E-025,5.9234926953031E-026,-1.24006282234596E-077,1.09920866254634E-028,2.30380053569256E-079
-1.53669875756784E-006,-0.0012780654,-0.0004955341,-0.0078127451,0.0921485461,-0.2379543356,0.0001653221,-0.0001038686,-0.0001153073,2.25672523430258E-005,-0.4672739927,-0.1161727743,0.833496948,-0.0427599543,0.0060073347,-0.0799483599,-0.0029845584,7.85391364710076E-018,-1.54867695356536E-018,1.26440434567019E-017,3.85231187931988E-020,-7.92666045211832E-021,1.15129583768402E-020,-4.32662340274774E-020,1.80109547601973E-017,1.54727612493737E-020,7.01948810995105E-025,7.80308448354283E-025,-3.30948440722358E-082,1.92081311572917E-027,-4.94972395923711E-083
0.0020083606,0.926252442,0.3760632151,-0.00622188,0.0019462638,-0.0025398842,1.62105519197319E-006,4.77327505052449E-007,-1.11987594887225E-006,-1.26232468319974E-007,0.0136647991,-0.0190110306,0.0056254569,-0.0001844813,0.0001231269,-0.0002115972,-4.33132305083071E-005,-3.8822185193984E-015,4.57684222137004E-016,-3.51358201408156E-015,-8.90844877025337E-018,1.01287072007315E-017,-2.28119439649714E-018,-3.5623296543194E-017,-7.87830240484393E-015,5.09273416500486E-020,1.28198010230377E-022,-6.90099833884116E-023,9.81332577345864E-092,-3.83778260358491E-060,7.93920015790684E-097
0.9999958064,-0.002646058,0.0011770228,-5.13046995832451E-006,2.67730322600727E-006,-5.39244477187852E-007,1.89271559640711E-009,1.46007230244662E-009,0.000000001,-3.57346047642628E-010,1.40655605344917E-006,6.59806929163645E-006,-3.26756268396786E-007,-2.01651968076054E-007,9.56961895164107E-008,-1.24442043610279E-007,9.7457987811681E-009,-3.07313520896903E-012,6.04266292446083E-013,-2.40606837370019E-012,-1.9643848096536E-015,5.42248688964649E-015,5.33535643300089E-016,-1.90125411569867E-014,-3.73217411528161E-012,5.57571386608358E-016,4.97579058593631E-049,3.44539154546343E-049,-9.86351113146159E-079,-1.91228561565956E-060,-2.70876687826008E-079
3.07314575879285E-012,-1.71344196996992E-015,-1.86622501736632E-015,5.05196620071641E-018,-3.18479006685947E-018,-3.68531917503663E-019,-3.05462994138444E-021,-3.22397265642286E-022,-1.4453038638011E-021,5.64546286257842E-022,5.636135036908E-018,4.85850554070904E-017,2.7743075664449E-018,4.12185361288301E-019,-1.38591834312194E-019,2.12156965903055E-019,-2.97648786324949E-020,1,4.14011107067658E-054,-6.42154474591868E-029,-5.8629024691054E-056,1.31318209658324E-056,-9.0557184475843E-057,-6.00371734235386E-056,-1.14696038321607E-023,7.72569765423182E-058,2.91967886041194E-066,2.6234196262983E-065,-5.25110097684188E-083,-7.76958547355733E-073,-8.30617589954716E-084
-6.04267705277784E-013,6.28732577542589E-016,4.60944793326409E-016,-4.06295618538158E-019,3.4112726675126E-019,1.46404326988469E-019,3.90374728724535E-022,-2.69656085550811E-022,2.57247550105888E-022,-4.25197878008727E-023,-1.82583473061931E-018,-1.15493452724056E-017,-6.61539458240449E-019,-7.64547847084833E-020,2.23038008040035E-020,-6.78400798724807E-020,5.61702023475016E-021,1.85700467374989E-024,1,1.45392005521019E-024,-3.84561570175464E-054,-3.82057064284513E-055,4.16587801578027E-055,2.19609314139702E-053,2.25524950876105E-024,2.08389952644802E-055,-5.74075528714134E-067,-5.15838467991974E-066,7.53259431867893E-084,1.50261822905768E-073,1.19148366629437E-084
-5.42252143792541E-015,-1.69893795453162E-018,6.2130673390268E-018,-1.49923945635047E-022,2.26746799426742E-021,2.69872778767765E-021,6.06165311851676E-024,-1.99323393357346E-024,3.47956566946113E-024,-4.37428161067192E-025,-2.58587364995909E-020,4.16393659644503E-020,-7.75877459299889E-021,-1.32346135355979E-021,1.31855378671655E-022,-1.21854867181417E-021,9.17944838775039E-023,1.66642074410279E-026,-3.27665638139103E-027,1.3047061492413E-026,5.93464008500451E-038,1,1.00235306640312E-040,1.03096112628958E-028,2.02379754782478E-026,-3.08417686934446E-039,1.25606435144266E-066,1.51850878262299E-066,-1.90091812557468E-089,1.05819900289578E-074,-2.88302997586473E-090
-5.575553525805E-016,3.9176315425384E-018,-6.8024169535538E-018,-4.38673825999098E-021,5.00563130903576E-021,-1.55427715898753E-021,1.47807492932926E-025,7.08154019268728E-024,-4.53062601545909E-024,-6.4452342303506E-025,1.00623566304957E-020,1.00827383621138E-019,1.18457534975508E-021,1.10232873950933E-021,-4.0295260648605E-022,1.02067000617391E-021,-1.05293241233563E-022,1.71344287994672E-027,-3.36912019892518E-028,1.34149839830605E-027,1.09528518038722E-030,-3.02330693336016E-030,1.10494919120158E-037,1.06006652972315E-029,2.08086781450928E-027,1,-2.75073338441356E-064,-1.89478936352283E-064,2.70728268627451E-090,1.01530769997385E-075,4.1076154942705E-091
-5.33523345904535E-016,4.51411583430411E-018,-2.20086106449375E-018,2.39959865837015E-021,-1.60369197504255E-021,-1.15994849172983E-021,-1.7844401407164E-024,-2.46474118863071E-024,-1.45472906731592E-024,5.50579170915027E-025,7.68967068543859E-021,4.98284470842432E-020,1.98452222880714E-021,5.08146315620165E-022,2.98650822048197E-023,1.79824351625398E-022,-4.865895226261E-023,1.63959863256937E-027,-3.22392751045512E-028,1.28369272871506E-027,1.04804894951731E-030,-2.89302043945311E-030,1,1.01437134836957E-029,1.99119576795322E-027,-2.97501568635631E-031,-2.63215498470988E-064,-1.81310893212524E-064,1.09918068588997E-089,9.8269610205016E-076,1.66751867149418E-090
-9.69970681950897E-032,-1.70730651543549E-029,-2.63634665521643E-029,-4.58466145360362E-027,2.24463006621555E-027,-1.16381317839995E-027,1.01839328806247E-030,1.36896958340056E-030,-3.10176327556343E-031,-3.20607917608605E-031,7.42798620682101E-027,6.50511394361543E-027,2.13668604648996E-027,-5.62522993815402E-029,6.66769264676555E-029,-2.9908638144589E-029,-2.10850807571329E-029,-1.14292541226844E-043,5.19141398481842E-044,-5.16196965676849E-043,-1.24967690687652E-045,-4.56143097801793E-046,-4.04919498647464E-046,4.8807365417448E-045,-4.87136304206025E-043,-9.32737495922266E-046,-4.3276018724027E-050,-2.99523655839546E-050,1.5043339911759E-102,1,4.71761349974329E-103
-7.01649889323753E-045,-3.33046211084773E-042,-3.86611300660566E-042,-1.62302126929903E-039,-1.41245867490571E-039,-1.99430165277371E-039,6.67539953307255E-039,-3.04513966720542E-038,2.78704512161721E-038,-5.13886871047774E-039,-4.88965357173633E-040,-1.65886366245853E-040,-4.31914397386108E-040,1.95105803705548E-038,1.43118680916609E-038,-7.73677813230955E-039,3.88735415303475E-038,2.04147362061455E-056,-2.93276450631196E-057,1.47176398067963E-056,8.43944580003485E-059,-9.69324174303644E-060,7.90238095306479E-060,7.30921570243502E-059,3.51323760129365E-056,-1.56766391919551E-060,2.13163892967739E-064,1.05231363702898E-064,-1.45459230976668E-074,-1.84321122366618E-067,1
-2.55885316002975E-044,-1.21544430655722E-041,-1.40952865650698E-041,-5.93152077116449E-039,-5.14669363537349E-039,-7.26891011509517E-039,1.50505580464073E-038,-9.95317680137325E-038,1.17152743736994E-037,-2.65321727474763E-038,-1.78820113054224E-039,-6.06789792086851E-040,-1.57755912949084E-039,7.310879612586E-038,5.38068471243499E-038,-2.92425347040013E-038,1.42960068671809E-037,7.43185450210942E-056,-1.06913411579237E-056,5.3619122290659E-056,3.08525147550226E-058,-3.44490721373027E-059,2.82819522392037E-059,2.66308924375806E-058,1.27937667311734E-055,-5.83692890254846E-060,7.87299614855279E-064,3.73986084907146E-064,1,-6.87762156077977E-067,2.02380400607809E-117
-5.12820237530296E-025,-1.64787854377412E-022,6.51994587352696E-023,-6.55303013208977E-025,3.04012416481347E-025,-1.14772967012008E-025,2.41761635066375E-028,2.59522657275031E-028,7.16736320480808E-029,-6.16929854429198E-029,7.43684187492883E-025,5.05077566137951E-024,-1.00140644885239E-026,-2.23582986898246E-026,1.43599213360844E-026,-1.09304746525923E-026,-6.61045912249924E-028,1.41504846722364E-036,-2.36267238299958E-037,1.49866621709168E-036,1.26392604129111E-039,-3.46602338029424E-039,6.13509412549544E-040,8.0006588930342E-039,2.60260864683101E-036,8.02645070116492E-040,1,7.47936219539277E-044,5.12990739510548E-100,1.89676687720967E-081,1.59409849419998E-100
1.41328554346086E-024,2.9382490628745E-022,-5.40184361847393E-022,7.32269657794466E-025,-5.26531065154973E-025,-1.23547991855031E-025,-4.41053674800376E-028,-3.31580815015745E-029,-1.73007765476285E-028,2.54458653107802E-029,1.90133703497225E-024,1.5244733158743E-024,5.10002077927864E-025,6.7403375858423E-026,-1.97373622433001E-026,5.2185588063238E-026,-6.06528670460797E-027,-4.84797777897531E-036,9.18282610573415E-037,-5.47667230236425E-036,-1.22730257909441E-039,1.15189546963727E-038,-1.76130394285982E-039,-1.95924862869305E-038,-8.49586130247118E-036,-4.03783998746163E-039,8.83712613465572E-045,1,3.57011744929689E-100,-5.23534835129848E-081,1.09847212657815E-100
1.96439656878703E-015,3.43939103519785E-018,4.7389562541635E-018,-3.78214803198656E-022,-6.37853025730293E-022,-1.24828531942667E-021,2.03369342632891E-024,-4.25026362184492E-024,-4.5795728727562E-025,1.02616481275483E-024,1.95013773529753E-021,2.46913587232586E-019,6.52637077959448E-022,-3.77296983071477E-022,6.16021143538874E-023,-4.23758779637415E-022,1.11068025902709E-023,-6.03686225880886E-027,1.18701706287796E-027,-4.72648409793926E-027,1,1.06519588371239E-029,-2.62780079763922E-036,-3.73482926293533E-029,-7.33150945552563E-027,-6.62169526033935E-036,-4.57705937610045E-067,-5.54381392282377E-067,-2.1594835549685E-085,-3.83489646446671E-075,-3.41579491556854E-086
1.9012591495035E-014,-6.7495548371176E-018,9.80011552748404E-018,4.46817742796997E-021,-3.10149224384717E-021,8.71219067525446E-021,-7.05210768327153E-024,-1.41083086426259E-023,8.95046512217718E-024,1.29916172978961E-024,-7.70618241247841E-020,-3.48855913595278E-019,-6.603679911069E-021,-5.69862271615377E-022,-4.581441928628E-022,-6.66709992956034E-022,2.43182136485572E-022,-5.84284581750047E-026,1.14886947562689E-026,-4.57458393903469E-026,-8.90143909380979E-039,-1.91073519135666E-046,1.10449142419797E-046,1,-7.09587596560867E-026,2.71990257250781E-047,-4.4040619808568E-066,-5.32425578491847E-066,-1.87872443677383E-085,-3.68433941367487E-074,-2.97171379923464E-086
3.73220144364729E-012,2.32298423658107E-015,-4.69924245398989E-015,2.50943112127551E-018,-1.42562980968835E-018,-2.5300954223202E-018,-3.34447063843561E-021,1.2616315869983E-021,-3.70823887934933E-021,4.28373862904677E-022,1.24161112982502E-017,1.02969996921761E-016,6.86847430170653E-018,6.22845761658542E-019,-1.82935672201952E-019,2.48089763267989E-019,-9.49848289717937E-020,4.14805098777954E-043,2.31378014130789E-043,-2.07573644540501E-033,-7.11526222172306E-056,1.59447053266833E-056,-1.09972102639504E-056,-7.28671802859276E-056,1,9.38146581093436E-058,3.54570576227495E-066,3.18601106250572E-065,-3.33178674875065E-082,-1.00106242028842E-072,-9.15032119754052E-083
2.4060832136833E-012,1.13163351629279E-016,-3.78164994504859E-015,-2.16693627470228E-018,-6.13743265967109E-019,-1.35224687291232E-018,1.10951833506406E-022,2.75015207212942E-021,-3.2275782194274E-021,1.5148835094355E-022,1.18532678817686E-017,8.34110573876938E-017,5.19109530537974E-018,5.3385066684314E-019,-1.68289248820958E-019,4.04396749607637E-019,-5.11775305922417E-020,-7.39418707562251E-024,2.40770612160731E-052,1,-5.44589224311893E-054,1.52127321880927E-054,-9.87870499681975E-055,-4.99098913796627E-054,-8.98000528410622E-024,7.18825769991074E-056,2.28574424794986E-066,2.05396061763702E-065,-3.78186833924127E-083,-6.3276182414293E-073,-5.98214166857938E-084
-0.0020860608,-0.3762202551,0.9265225192,-0.0026099663,0.0011609606,-0.000486057,1.02540910313845E-006,1.86183015576943E-007,4.50129668952403E-007,-1.46384353572694E-007,0.0009957476,-0.0007375109,0.0001169188,-0.0001475267,6.86684630370203E-005,-0.0001337478,6.38528397956488E-007,7.49528358570299E-015,-1.45108101408581E-015,8.56563774874515E-015,1.00124871397894E-018,-1.77073758987945E-017,2.6245235184351E-018,2.80419147913391E-017,1.30135767663344E-014,6.61343696914899E-018,-1.22405504282278E-022,6.11040457295648E-022,-1.04665152062669E-091,7.72217027933197E-060,-3.71857606205064E-110
4.21902484173167E-005,0.0221402057,0.01043404,0.0671300068,0.0388406407,0.0542123484,3.65269636536658E-006,-1.33608970461776E-005,7.4845905283366E-005,-3.2241570693293E-006,-0.5841827704,0.7787358146,-0.2066769217,0.0026678527,-0.0040269497,0.0027502435,0.0013026831,-1.06415225794747E-016,1.45615233709085E-017,-1.21279178997085E-016,-3.99359752691162E-019,1.52212099126968E-019,-8.8408546312006E-020,-5.30331248582588E-019,-2.31354242287886E-016,-6.44548061985629E-020,-4.94124244592851E-025,-8.62529797210301E-025,7.27668987659482E-078,-3.6896615451024E-060,-4.83399631072729E-082
-8.19182459968221E-006,-0.0014249458,-0.0020796378,-0.3416434249,0.168771299,-0.1678508842,0.0001275967,5.73030329547157E-006,-2.64136260577657E-005,-3.89876593303999E-006,0.6064348501,0.5803546509,0.3484934577,-0.0128167698,0.0062220972,-0.0195943025,-0.0025234997,-1.15174612419155E-017,4.77072076804236E-018,-4.62463205576795E-017,-1.14103853189229E-019,-3.97227366232151E-020,-3.58827077108623E-020,4.21500635819952E-019,-4.4884353409736E-017,-8.07301930500072E-020,-3.77301908232129E-024,-2.59990148813757E-024,1.34599318702488E-076,-1.1166833978852E-026,4.22502465034095E-077
8.27529278596999E-006,0.0035484898,0.00399188,0.7216489687,-0.5721399191,-0.1705050065,-6.09991542145744E-005,-0.0006658413,0.0002305392,0.000110753,0.2287495605,0.1966391761,0.1773930241,0.0143970832,-0.0094386219,-0.004323038,0.0010089954,-2.87734584342356E-017,4.2498199970308E-018,-2.42763012830332E-017,-9.67933701759167E-020,2.7083978145948E-020,-1.75801226653904E-020,-8.86196060665356E-020,-4.77433744064255E-017,1.27762723076764E-021,-2.09359487080207E-025,-5.6314885310011E-025,7.10574692202389E-080,1.03847876560956E-027,1.12396781846702E-080
8.383861298332E-007,0.0004075928,0.0003033286,0.1242850932,0.0924966905,0.2529059827,0.0023606988,-0.0042976782,0.0010303913,0.000826342,0.0494383189,0.0190643168,0.0325027515,-0.6615486149,0.6402777786,-0.23664795,0.067391511,-2.43353166320224E-018,3.43096019482305E-019,-2.03301227929817E-018,-9.27950965155013E-021,1.9626467591929E-021,-1.6133204601722E-021,-8.21601927846407E-021,-4.39641389141719E-018,1.87046766700085E-022,-2.95167011513415E-026,-3.66215339776003E-026,1.10573296175286E-098,1.02854317617626E-029,7.34146706274019E-100
-0.000000745,-0.000354925,-0.0003419555,-0.1206961708,-0.120242021,-0.2798123144,0.000787853,0.0062035735,-0.0028076456,-0.0007374468,-0.0589711083,-0.0161616619,-0.0283904449,0.0339776831,0.4945293302,0.799360094,-0.058279287,2.24639976950224E-018,-3.03436506285916E-019,1.75906038984759E-018,8.27889088196567E-021,-1.62148720005905E-021,1.36084785496865E-021,8.14712596149512E-021,3.87831152236633E-018,-1.17215512299217E-022,1.67112189344646E-026,2.67117480924747E-026,-2.83192912079376E-079,-1.36788887888085E-029,-2.33076816510833E-079
-1.31895918735337E-007,-5.99931277221811E-005,-7.445425730818E-005,-0.028007782,-0.0277628504,-0.0425881066,-0.1166610744,0.5009669246,-0.4623910357,0.0886546259,-0.0081987663,-0.0028188248,-0.0082593211,0.0637023727,0.0244438872,0.0044263143,0.7110343056,4.03490815377009E-019,-5.53893425156674E-020,2.84274374049231E-019,1.47276375222506E-021,-3.15012936224789E-022,2.30768740187942E-022,1.46058148943132E-021,6.8193822356934E-019,-1.41558032229338E-023,1.94718471506423E-027,2.28956301898387E-027,-1.31541631555751E-079,-2.37561987443246E-030,-2.08E-080
