[1.272874357446197e+36;
 5.534225642747212e+34;
 1.624999698977371e+32;
 1.534979762058478e+29;
 3.421537929485933e+17;
 337995248608149.2;
 23242741390300.31;
 2723455969204.729;
 45330839.76638195;
 35.64968121439935;
 8.976989897266829e-23;
 3.081602674306457e-25;
 3.524493762853339e-28;
 3.478818182606745e-28;
 5.78946274029498e-30;
 1.867905817232215e-41;
 -1.127680377270315e-56;
 -1.326323692201101e-55;
 -2.175612392551922e-37;
 -1.282840280916957e-36;
 -4.98872562062164e-28;
 -1.82237756994529e-26;
 -3.014278537878942e-22;
 -3.084119918983665e-22;
 -8318270.340991412;
 -101410687329.2439;
 -244046642620.0872;
 -4215346477324.739;
 -585635921366027.4;
 -1084624875227926;
 -2.723788831084515e+18]
--------
[9.202798530573694e-11, 6.827234376371325e-08, 1.806158007288917e-07, 6.792094292293133e-05, 0.0001254759241296584, 0.0004032157803983228, 0.07526026874527449, 0.1205312923040848, 0.2757711990942195, 0.9505898401232492, 1.833735940003924e-05, -2.141517789440369e-06, 0.0001020059714056654, -0.0002362133100668202, -0.0002332422305436117, 0.0003124885672138806, -0.01170041000097041, -1.248362107749538e-22, -2.191745624996484e-23, 4.229795644497312e-22, -5.383536956805375e-25, -1.016226342159207e-25, 2.182857668794627e-25, -3.806319174784359e-24, 2.981433536747773e-22, 8.325156010962126e-25, 3.346860231015003e-29, 4.478517076401594e-29, 5.493665503203305e-39, 7.235014435498218e-32, 8.333875552964022e-40;
 3.118794869594263e-10, 3.713962953401381e-07, 2.60647889153164e-07, 0.0005216165298928797, 0.0003264815065409206, 0.0001711230976364744, 0.7879868487361382, 0.4819400512471289, 0.3162623389852376, -0.2149765695222579, 0.0001361022615129936, -9.745713272484361e-06, 4.442977964430389e-05, 0.008453253225849286, 0.004508285483638791, -0.004995702263535079, 0.02136710086831922, 1.923465125849591e-22, -1.056923290516715e-22, -2.754934404133328e-22, 9.745028629517005e-25, 1.382637701401765e-24, -1.434891031356176e-24, 6.756403867499833e-24, -8.314692782837365e-23, -1.415554506876124e-24, -1.286694599169952e-29, -9.060994589402061e-29, -1.070107993884231e-38, -1.417668958461749e-31, -1.60047208073008e-39;
 -1.805901724322447e-09, -1.284904366363856e-06, -8.181723227310989e-07, -0.001068976530708471, -0.0002120767337731325, -0.000305612143038994, -0.5764939019071581, 0.4152141079863843, 0.6609889177603543, -0.1980042722745157, -0.0003721807814711937, -0.0001205870009841423, -0.0002135349925827165, 0.09030602504845515, 0.074567453796652, -0.04667002290701499, 0.0569642891875129, -8.689938646044296e-22, -5.233110960157835e-22, 1.327929301690985e-21, 5.407497040221578e-23, 3.751476401901792e-23, -2.168523159500563e-23, 5.093288578033672e-24, 4.589354370864639e-22, -5.340169771636464e-24, 5.020682450738815e-28, -3.859532651110893e-28, -5.282010167954149e-38, -7.01861349887735e-31, -8.354940740525148e-39;
 1.125888821341695e-07, 5.338956819970623e-05, 6.206113736467398e-05, 0.02596694444044579, 0.02269044433399376, 0.03202614364722502, -0.165519279788027, 0.5562262624116768, -0.3549091828010859, 0.03776015909276968, 0.007815777041727593, 0.002651016091788976, 0.006916235540483545, -0.3013754410058015, -0.2199965803352605, 0.1180040154192908, -0.616723591487531, -3.283773470595945e-19, 4.708587260392536e-20, -2.364927528128723e-19, -1.349758624350231e-21, 1.609434343927321e-22, -1.300228071654845e-22, -1.174406520915024e-21, -5.64870099872381e-19, 2.44428819193776e-23, -3.36098569906475e-27, -1.74689499430259e-27, 2.264519824751932e-37, 2.864957218494258e-30, 6.21893833392663e-38;
 1.199878616121096e-07, 4.981378059156809e-05, 7.012852343002964e-05, 0.01971238704824412, 0.02613713191379065, 0.04164288979303445, 0.007345034956969945, 0.1427768951250701, -0.2173622817791748, 0.04088291323344208, 0.005308209312836268, 0.001955899898807365, 0.005520553618743929, 0.6398026696382138, 0.5368376616605216, -0.3620037790195549, -0.314937807808325, -4.159280730213525e-19, 5.203586391451616e-20, -2.908298130357494e-19, -1.101281001972487e-21, 5.942891240220925e-22, -4.041687294904485e-22, -1.424555913924425e-21, -6.874288015908815e-19, -4.26025158919618e-23, 2.026480907368335e-27, -3.750729227625549e-27, 6.730911079772419e-84, -1.303768712553812e-30, 1.065119925066218e-84;
 1.653755125658865e-06, 0.0007942380387336087, 0.001161054850428375, 0.444714287001274, 0.5290211024482941, 0.5274156620310654, -0.000822646867335463, -0.001576329250367107, 0.0003817488849216061, 0.0004068573162801129, 0.111388883494159, 0.03558389694581914, 0.2104616328932657, 0.205646395681038, -0.04720958405614629, 0.3722968962337637, 0.05568827539953142, -5.03122255702928e-18, 6.830676529628756e-19, -3.323069775366482e-18, -1.92216018715993e-20, 4.305505251535524e-21, -2.969250856776906e-21, -1.968363672315518e-20, -8.304887315631138e-18, 2.532158105881738e-22, -4.766054639552095e-27, 4.616269220674316e-27, 1.531888740063984e-85, -1.62693817108625e-29, 2.291126501466474e-86;
 -1.037753148398495e-06, -0.000596166256772354, -0.0003850868299854886, 0.3581280119233334, 0.5738649829128861, -0.6768963786538776, 0.0003061262160855713, -0.001609107645119391, 0.0007118835298843525, 0.0002205990453515614, 0.04027823869903149, -0.04821092153217659, -0.2516281441210118, -0.06513123917102805, 0.01746076653540949, -0.1114441349603207, 0.0008687088723136986, 4.084290146343448e-18, -6.885625291008056e-19, 6.253984791947233e-18, 1.748716170473048e-20, -2.795984967884854e-21, 3.210315107094877e-21, 1.007724596422217e-20, 7.919159218847293e-18, 1.730251819678948e-21, 1.175010654070312e-25, 5.923492695303102e-26, -1.240062822345956e-77, 1.09920866254634e-28, 2.303800535692564e-79;
 -1.536698757567836e-06, -0.001278065397517198, -0.0004955341470866233, -0.007812745080068226, 0.09214854614839958, -0.2379543356438623, 0.0001653220855232133, -0.0001038685881901611, -0.0001153072587635148, 2.256725234302578e-05, -0.4672739926885111, -0.1161727742889797, 0.8334969480045472, -0.04275995433050504, 0.006007334716687307, -0.07994835993898264, -0.002984558421853304, 7.853913647100756e-18, -1.548676953565361e-18, 1.264404345670194e-17, 3.852311879319883e-20, -7.926660452118314e-21, 1.15129583768402e-20, -4.326623402747737e-20, 1.801095476019733e-17, 1.547276124937367e-20, 7.019488109951048e-25, 7.803084483542829e-25, -3.309484407223577e-82, 1.920813115729174e-27, -4.949723959237108e-83;
 0.002008360570340066, 0.9262524420396494, 0.3760632150650237, -0.006221880040802367, 0.001946263829668002, -0.002539884191067279, 1.621055191973189e-06, 4.773275050524492e-07, -1.119875948872245e-06, -1.262324683199737e-07, 0.01366479914137635, -0.01901103058790714, 0.005625456942334018, -0.0001844813449510173, 0.0001231268731066246, -0.000211597189164247, -4.331323050830707e-05, -3.882218519398401e-15, 4.576842221370041e-16, -3.513582014081564e-15, -8.908448770253367e-18, 1.01287072007315e-17, -2.281194396497137e-18, -3.562329654319401e-17, -7.878302404843934e-15, 5.09273416500486e-20, 1.281980102303774e-22, -6.900998338841159e-23, 9.813325773458639e-92, -3.837782603584908e-60, 7.939200157906842e-97;
 0.9999958064487077, -0.002646057973187592, 0.001177022827699088, -5.130469958324505e-06, 2.677303226007272e-06, -5.392444771878515e-07, 1.892715596407107e-09, 1.460072302446622e-09, 1.002746338825815e-09, -3.573460476426277e-10, 1.40655605344917e-06, 6.598069291636452e-06, -3.267562683967862e-07, -2.016519680760536e-07, 9.569618951641073e-08, -1.244420436102793e-07, 9.745798781168096e-09, -3.073135208969033e-12, 6.042662924460831e-13, -2.406068373700186e-12, -1.964384809653604e-15, 5.422486889646489e-15, 5.33535643300089e-16, -1.901254115698668e-14, -3.732174115281615e-12, 5.575713866083576e-16, 4.975790585936311e-49, 3.445391545463431e-49, -9.863511131461588e-79, -1.91228561565956e-60, -2.70876687826008e-79;
 3.073145758792848e-12, -1.713441969969922e-15, -1.866225017366315e-15, 5.051966200716408e-18, -3.184790066859466e-18, -3.685319175036631e-19, -3.054629941384442e-21, -3.22397265642286e-22, -1.445303863801102e-21, 5.645462862578422e-22, 5.636135036907996e-18, 4.858505540709039e-17, 2.774307566444904e-18, 4.121853612883005e-19, -1.385918343121939e-19, 2.121569659030546e-19, -2.976487863249493e-20, 1, 4.140111070676575e-54, -6.421544745918676e-29, -5.862902469105396e-56, 1.313182096583237e-56, -9.055718447584302e-57, -6.003717342353858e-56, -1.146960383216066e-23, 7.725697654231824e-58, 2.919678860411938e-66, 2.623419626298302e-65, -5.251100976841883e-83, -7.76958547355733e-73, -8.30617589954716e-84;
 -6.04267705277784e-13, 6.287325775425894e-16, 4.609447933264087e-16, -4.062956185381583e-19, 3.411272667512603e-19, 1.464043269884686e-19, 3.903747287245349e-22, -2.696560855508107e-22, 2.572475501058885e-22, -4.25197878008727e-23, -1.825834730619313e-18, -1.154934527240559e-17, -6.61539458240449e-19, -7.645478470848327e-20, 2.230380080400349e-20, -6.78400798724807e-20, 5.617020234750162e-21, 1.857004673749891e-24, 1, 1.453920055210189e-24, -3.845615701754645e-54, -3.820570642845133e-55, 4.165878015780271e-55, 2.196093141397021e-53, 2.255249508761047e-24, 2.083899526448016e-55, -5.740755287141338e-67, -5.158384679919738e-66, 7.53259431867893e-84, 1.502618229057681e-73, 1.191483666294365e-84;
 -5.422521437925406e-15, -1.698937954531619e-18, 6.213067339026802e-18, -1.499239456350468e-22, 2.267467994267419e-21, 2.698727787677645e-21, 6.06165311851676e-24, -1.993233933573457e-24, 3.479565669461129e-24, -4.374281610671921e-25, -2.585873649959089e-20, 4.163936596445029e-20, -7.758774592998895e-21, -1.32346135355979e-21, 1.318553786716553e-22, -1.21854867181417e-21, 9.179448387750385e-23, 1.666420744102786e-26, -3.276656381391029e-27, 1.304706149241297e-26, 5.934640085004511e-38, 1, 1.002353066403116e-40, 1.030961126289579e-28, 2.023797547824779e-26, -3.084176869344463e-39, 1.256064351442657e-66, 1.518508782622987e-66, -1.900918125574676e-89, 1.05819900289578e-74, -2.883029975864729e-90;
 -5.575553525804997e-16, 3.917631542538396e-18, -6.802416953553797e-18, -4.386738259990982e-21, 5.005631309035756e-21, -1.554277158987533e-21, 1.478074929329262e-25, 7.081540192687279e-24, -4.530626015459094e-24, -6.445234230350596e-25, 1.006235663049567e-20, 1.008273836211384e-19, 1.184575349755082e-21, 1.102328739509329e-21, -4.029526064860498e-22, 1.020670006173913e-21, -1.05293241233563e-22, 1.71344287994672e-27, -3.369120198925179e-28, 1.34149839830605e-27, 1.095285180387217e-30, -3.023306933360163e-30, 1.104949191201579e-37, 1.060066529723149e-29, 2.080867814509277e-27, 1, -2.750733384413557e-64, -1.894789363522832e-64, 2.707282686274512e-90, 1.015307699973848e-75, 4.107615494270498e-91;
 -5.335233459045351e-16, 4.51411583430411e-18, -2.200861064493753e-18, 2.399598658370152e-21, -1.603691975042554e-21, -1.159948491729828e-21, -1.784440140716397e-24, -2.464741188630713e-24, -1.454729067315918e-24, 5.505791709150274e-25, 7.689670685438591e-21, 4.982844708424323e-20, 1.984522228807139e-21, 5.081463156201654e-22, 2.986508220481973e-23, 1.798243516253975e-22, -4.865895226261002e-23, 1.639598632569373e-27, -3.223927510455124e-28, 1.283692728715062e-27, 1.048048949517308e-30, -2.893020439453109e-30, 1, 1.014371348369572e-29, 1.991195767953216e-27, -2.975015686356311e-31, -2.632154984709876e-64, -1.813108932125242e-64, 1.099180685889966e-89, 9.826961020501601e-76, 1.667518671494176e-90;
 -9.699706819508966e-32, -1.707306515435489e-29, -2.636346655216431e-29, -4.584661453603617e-27, 2.24463006621555e-27, -1.163813178399952e-27, 1.018393288062466e-30, 1.368969583400556e-30, -3.10176327556343e-31, -3.206079176086049e-31, 7.42798620682101e-27, 6.50511394361543e-27, 2.136686046489965e-27, -5.625229938154017e-29, 6.667692646765549e-29, -2.990863814458905e-29, -2.108508075713289e-29, -1.142925412268444e-43, 5.191413984818418e-44, -5.16196965676849e-43, -1.249676906876523e-45, -4.561430978017932e-46, -4.04919498647464e-46, 4.880736541744803e-45, -4.871363042060252e-43, -9.32737495922266e-46, -4.327601872402702e-50, -2.995236558395463e-50, 1.504333991175898e-102, 1, 4.71761349974329e-103;
 -7.016498893237526e-45, -3.33046211084773e-42, -3.866113006605656e-42, -1.62302126929903e-39, -1.412458674905705e-39, -1.994301652773708e-39, 6.675399533072549e-39, -3.045139667205421e-38, 2.787045121617206e-38, -5.138868710477735e-39, -4.889653571736334e-40, -1.658863662458526e-40, -4.319143973861076e-40, 1.951058037055477e-38, 1.431186809166091e-38, -7.736778132309545e-39, 3.887354153034751e-38, 2.041473620614549e-56, -2.932764506311955e-57, 1.471763980679634e-56, 8.439445800034851e-59, -9.693241743036441e-60, 7.90238095306479e-60, 7.309215702435019e-59, 3.513237601293649e-56, -1.567663919195512e-60, 2.13163892967739e-64, 1.052313637028975e-64, -1.454592309766679e-74, -1.843211223666175e-67, 1;
 -2.558853160029748e-44, -1.215444306557216e-41, -1.409528656506983e-41, -5.931520771164485e-39, -5.146693635373489e-39, -7.268910115095171e-39, 1.505055804640731e-38, -9.953176801373246e-38, 1.17152743736994e-37, -2.653217274747633e-38, -1.788201130542242e-39, -6.067897920868511e-40, -1.57755912949084e-39, 7.310879612586e-38, 5.380684712434986e-38, -2.924253470400132e-38, 1.429600686718086e-37, 7.431854502109423e-56, -1.069134115792365e-56, 5.361912229065904e-56, 3.085251475502262e-58, -3.444907213730274e-59, 2.828195223920369e-59, 2.663089243758065e-58, 1.279376673117338e-55, -5.836928902548456e-60, 7.872996148552794e-64, 3.739860849071465e-64, 1, -6.877621560779766e-67, 2.023804006078088e-117;
 -5.128202375302958e-25, -1.64787854377412e-22, 6.519945873526956e-23, -6.553030132089773e-25, 3.040124164813468e-25, -1.147729670120076e-25, 2.417616350663746e-28, 2.595226572750311e-28, 7.167363204808077e-29, -6.169298544291981e-29, 7.436841874928832e-25, 5.05077566137951e-24, -1.001406448852389e-26, -2.235829868982463e-26, 1.435992133608444e-26, -1.093047465259234e-26, -6.610459122499238e-28, 1.415048467223642e-36, -2.362672382999583e-37, 1.498666217091676e-36, 1.26392604129111e-39, -3.466023380294241e-39, 6.135094125495443e-40, 8.000658893034201e-39, 2.602608646831011e-36, 8.026450701164922e-40, 1, 7.479362195392768e-44, 5.12990739510548e-100, 1.896766877209673e-81, 1.594098494199976e-100;
 1.413285543460855e-24, 2.938249062874504e-22, -5.401843618473926e-22, 7.322696577944656e-25, -5.26531065154973e-25, -1.235479918550306e-25, -4.410536748003764e-28, -3.315808150157445e-29, -1.730077654762846e-28, 2.544586531078022e-29, 1.901337034972251e-24, 1.524473315874304e-24, 5.10002077927864e-25, 6.740337585842304e-26, -1.973736224330012e-26, 5.218558806323803e-26, -6.065286704607966e-27, -4.84797777897531e-36, 9.182826105734145e-37, -5.476672302364253e-36, -1.227302579094414e-39, 1.151895469637268e-38, -1.76130394285982e-39, -1.959248628693045e-38, -8.495861302471182e-36, -4.037839987461626e-39, 8.837126134655716e-45, 1, 3.570117449296886e-100, -5.235348351298484e-81, 1.098472126578147e-100;
 1.964396568787034e-15, 3.439391035197847e-18, 4.738956254163504e-18, -3.782148031986561e-22, -6.378530257302932e-22, -1.248285319426666e-21, 2.033693426328912e-24, -4.250263621844919e-24, -4.579572872756203e-25, 1.026164812754827e-24, 1.950137735297531e-21, 2.469135872325861e-19, 6.526370779594483e-22, -3.772969830714774e-22, 6.160211435388737e-23, -4.237587796374152e-22, 1.110680259027089e-23, -6.036862258808858e-27, 1.18701706287796e-27, -4.726484097939255e-27, 1, 1.065195883712394e-29, -2.627800797639219e-36, -3.734829262935328e-29, -7.331509455525632e-27, -6.621695260339353e-36, -4.577059376100451e-67, -5.543813922823772e-67, -2.159483554968498e-85, -3.834896464466707e-75, -3.415794915568545e-86;
 1.901259149503503e-14, -6.749554837117601e-18, 9.80011552748404e-18, 4.468177427969967e-21, -3.101492243847167e-21, 8.712190675254456e-21, -7.05210768327153e-24, -1.410830864262587e-23, 8.950465122177183e-24, 1.299161729789611e-24, -7.706182412478406e-20, -3.488559135952783e-19, -6.603679911069003e-21, -5.698622716153771e-22, -4.581441928627995e-22, -6.667099929560337e-22, 2.43182136485572e-22, -5.842845817500467e-26, 1.148869475626889e-26, -4.574583939034685e-26, -8.901439093809794e-39, -1.910735191356662e-46, 1.104491424197965e-46, 1, -7.095875965608665e-26, 2.719902572507812e-47, -4.404061980856797e-66, -5.324255784918467e-66, -1.878724436773828e-85, -3.684339413674871e-74, -2.971713799234645e-86;
 3.732201443647288e-12, 2.322984236581069e-15, -4.699242453989889e-15, 2.509431121275511e-18, -1.425629809688352e-18, -2.530095422320199e-18, -3.34447063843561e-21, 1.261631586998304e-21, -3.708238879349328e-21, 4.283738629046769e-22, 1.241611129825017e-17, 1.029699969217612e-16, 6.868474301706533e-18, 6.228457616585419e-19, -1.829356722019515e-19, 2.480897632679887e-19, -9.498482897179366e-20, 4.148050987779537e-43, 2.313780141307891e-43, -2.075736445405008e-33, -7.11526222172306e-56, 1.594470532668326e-56, -1.099721026395035e-56, -7.286718028592763e-56, 1, 9.381465810934361e-58, 3.545705762274954e-66, 3.186011062505724e-65, -3.331786748750655e-82, -1.001062420288416e-72, -9.150321197540518e-83;
 2.406083213683302e-12, 1.131633516292792e-16, -3.78164994504859e-15, -2.166936274702284e-18, -6.137432659671088e-19, -1.352246872912322e-18, 1.109518335064055e-22, 2.750152072129423e-21, -3.227578219427403e-21, 1.514883509435497e-22, 1.185326788176864e-17, 8.341105738769376e-17, 5.19109530537974e-18, 5.338506668431404e-19, -1.682892488209581e-19, 4.043967496076372e-19, -5.117753059224171e-20, -7.394187075622512e-24, 2.407706121607306e-52, 1, -5.44589224311893e-54, 1.521273218809268e-54, -9.878704996819755e-55, -4.990989137966274e-54, -8.98000528410622e-24, 7.188257699910735e-56, 2.285744247949863e-66, 2.053960617637021e-65, -3.781868339241272e-83, -6.327618241429304e-73, -5.982141668579383e-84;
 -0.002086060818930071, -0.3762202550593536, 0.9265225191828305, -0.002609966313999935, 0.001160960609986187, -0.0004860569664603085, 1.025409103138451e-06, 1.861830155769426e-07, 4.501296689524027e-07, -1.463843535726936e-07, 0.0009957476472165737, -0.0007375108753381671, 0.0001169188334193092, -0.0001475266969770239, 6.866846303702024e-05, -0.0001337478278577628, 6.385283979564881e-07, 7.495283585702994e-15, -1.451081014085811e-15, 8.565637748745144e-15, 1.001248713978937e-18, -1.770737589879449e-17, 2.624523518435098e-18, 2.804191479133906e-17, 1.301357676633436e-14, 6.613436969148985e-18, -1.22405504282278e-22, 6.110404572956483e-22, -1.046651520626692e-91, 7.722170279331969e-60, -3.71857606205064e-110;
 4.219024841731669e-05, 0.02214020573416788, 0.01043403997590808, 0.06713000683789448, 0.03884064072654402, 0.05421234835741786, 3.652696365366581e-06, -1.336089704617758e-05, 7.484590528336598e-05, -3.2241570693293e-06, -0.5841827703715398, 0.7787358145559522, -0.2066769216814529, 0.002667852707828066, -0.004026949664256214, 0.002750243535659248, 0.001302683053315344, -1.064152257947474e-16, 1.456152337090848e-17, -1.21279178997085e-16, -3.993597526911623e-19, 1.522120991269677e-19, -8.840854631200603e-20, -5.303312485825877e-19, -2.313542422878859e-16, -6.445480619856293e-20, -4.941242445928507e-25, -8.625297972103012e-25, 7.276689876594821e-78, -3.689661545102403e-60, -4.833996310727292e-82;
 -8.191824599682204e-06, -0.001424945776301949, -0.002079637789365213, -0.3416434248798306, 0.1687712990379651, -0.1678508841812849, 0.0001275967008374842, 5.730303295471568e-06, -2.64136260577657e-05, -3.898765933039986e-06, 0.6064348501064166, 0.5803546508863067, 0.3484934576561832, -0.01281676976814743, 0.006222097160905684, -0.0195943024970178, -0.002523499673497179, -1.151746124191545e-17, 4.77072076804236e-18, -4.624632055767949e-17, -1.141038531892286e-19, -3.972273662321507e-20, -3.58827077108623e-20, 4.215006358199522e-19, -4.488435340973597e-17, -8.073019305000718e-20, -3.77301908232129e-24, -2.599901488137572e-24, 1.345993187024879e-76, -1.116683397885195e-26, 4.22502465034095e-77;
 8.275292785969993e-06, 0.003548489751547824, 0.003991879985539596, 0.7216489686750377, -0.5721399190748938, -0.170505006547232, -6.099915421457444e-05, -0.0006658412609496224, 0.0002305392198233429, 0.0001107529709744385, 0.2287495604767658, 0.1966391760949629, 0.1773930241202386, 0.01439708323428435, -0.009438621944078589, -0.004323038049685177, 0.001008995404941546, -2.877345843423556e-17, 4.249819997030804e-18, -2.427630128303325e-17, -9.679337017591667e-20, 2.708397814594799e-20, -1.758012266539044e-20, -8.861960606653558e-20, -4.774337440642545e-17, 1.277627230767641e-21, -2.093594870802066e-25, -5.631488531001101e-25, 7.105746922023892e-80, 1.038478765609558e-27, 1.123967818467016e-80;
 8.383861298332001e-07, 0.0004075928360917296, 0.0003033286093130285, 0.1242850932268942, 0.0924966905406701, 0.2529059827050819, 0.002360698834444842, -0.004297678221488686, 0.001030391306301702, 0.0008263419912332792, 0.04943831886731768, 0.01906431681169089, 0.0325027514964726, -0.6615486149242397, 0.6402777786489967, -0.2366479499914649, 0.06739151096023134, -2.433531663202237e-18, 3.430960194823046e-19, -2.033012279298166e-18, -9.279509651550133e-21, 1.962646759192902e-21, -1.6133204601722e-21, -8.216019278464068e-21, -4.39641389141719e-18, 1.870467667000846e-22, -2.95167011513415e-26, -3.662153397760034e-26, 1.10573296175286e-98, 1.028543176176256e-29, 7.341467062740194e-100;
 -7.44990505738533e-07, -0.000354925000190143, -0.0003419555264400128, -0.1206961708118961, -0.1202420209536499, -0.2798123143734259, 0.000787853009509713, 0.006203573486796774, -0.002807645648948047, -0.000737446791545228, -0.05897110826192854, -0.01616166187151741, -0.02839044492592891, 0.03397768311632603, 0.4945293302361802, 0.7993600939688214, -0.0582792870441107, 2.246399769502238e-18, -3.034365062859162e-19, 1.759060389847589e-18, 8.278890881965673e-21, -1.621487200059045e-21, 1.360847854968645e-21, 8.147125961495117e-21, 3.87831152236633e-18, -1.172155122992171e-22, 1.671121893446455e-26, 2.671174809247474e-26, -2.831929120793759e-79, -1.367888878880847e-29, -2.330768165108328e-79;
 -1.318959187353367e-07, -5.999312772218106e-05, -7.445425730818004e-05, -0.02800778199521703, -0.02776285036182685, -0.04258810663620952, -0.1166610744351564, 0.5009669246389168, -0.4623910356776912, 0.08865462591409175, -0.008198766297684184, -0.002818824766819232, -0.008259321111714598, 0.06370237265526137, 0.02444388718740335, 0.004426314285230423, 0.7110343056340023, 4.034908153770085e-19, -5.538934251566735e-20, 2.842743740492306e-19, 1.472763752225061e-21, -3.150129362247891e-22, 2.30768740187942e-22, 1.460581489431324e-21, 6.819382235693401e-19, -1.415580322293382e-23, 1.947184715064234e-27, 2.289563018983874e-27, -1.315416315557511e-79, -2.37561987443246e-30, -2.079291784874342e-80]
